0 0.000002
1 0.000001
2 0.000001
3 0.000001
4 0.000002
5 0.000001
6 0.000001
7 0.000002
8 0.000002
9 0.000002
10 0.000002
11 0.000002
12 0.000002
13 0.000002
14 0.000003
15 0.000004
16 0.000003
17 0.000004
18 0.000004
19 0.000005
20 0.000004
21 0.000005
22 0.000005
23 0.000008
24 0.000006
25 0.000006
26 0.000007
27 0.000007
28 0.000007
29 0.000008
30 0.000008
31 0.000008
32 0.000009
33 0.000010
34 0.000010
35 0.000011
36 0.000011
37 0.000012
38 0.000012
39 0.000013
40 0.000013
41 0.000015
42 0.000014
43 0.000015
44 0.000016
45 0.000016
46 0.000018
47 0.000018
48 0.000020
49 0.000020
50 0.000020
51 0.000023
52 0.000020
53 0.000021
54 0.000021
55 0.000023
56 0.000024
57 0.000027
58 0.000026
59 0.000026
60 0.000026
61 0.000026
62 0.000027
63 0.000028
64 0.000030
65 0.000029
66 0.000030
67 0.000031
68 0.000032
69 0.000031
70 0.000033
71 0.000034
72 0.000035
73 0.000034
74 0.000037
75 0.000034
76 0.000034
77 0.000034
78 0.000039
79 0.000036
80 0.000038
81 0.000038
82 0.000039
83 0.000040
84 0.000041
85 0.000041
86 0.000042
87 0.000051
88 0.000044
89 0.000044
90 0.000046
91 0.000047
92 0.000047
93 0.000047
94 0.000050
95 0.000060
96 0.000058
97 0.000058
98 0.000059
99 0.000060
