0 0.000001
1 0.000001
2 0.000001
3 0.000001
4 0.000000
5 0.000001
6 0.000001
7 0.000001
8 0.000001
9 0.000001
10 0.000001
11 0.000002
12 0.000001
13 0.000002
14 0.000002
15 0.000002
16 0.000002
17 0.000002
18 0.000002
19 0.000002
20 0.000003
21 0.000002
22 0.000002
23 0.000002
24 0.000002
25 0.000003
26 0.000002
27 0.000002
28 0.000002
29 0.000003
30 0.000002
31 0.000003
32 0.000003
33 0.000003
34 0.000003
35 0.000003
36 0.000003
37 0.000004
38 0.000004
39 0.000004
40 0.000005
41 0.000004
42 0.000004
43 0.000005
44 0.000005
45 0.000004
46 0.000005
47 0.000005
48 0.000006
49 0.000006
50 0.000005
51 0.000006
52 0.000006
53 0.000006
54 0.000005
55 0.000006
56 0.000006
57 0.000006
58 0.000006
59 0.000007
60 0.000006
61 0.000006
62 0.000007
63 0.000007
64 0.000007
65 0.000007
66 0.000007
67 0.000008
68 0.000008
69 0.000008
70 0.000008
71 0.000008
72 0.000008
73 0.000008
74 0.000009
75 0.000009
76 0.000009
77 0.000008
78 0.000009
79 0.000009
80 0.000009
81 0.000009
82 0.000010
83 0.000010
84 0.000010
85 0.000010
86 0.000011
87 0.000014
88 0.000012
89 0.000011
90 0.000012
91 0.000012
92 0.000013
93 0.000012
94 0.000013
95 0.000015
96 0.000015
97 0.000015
98 0.000015
99 0.000015
