0 0.000000
1 0.000001
2 0.000001
3 0.000001
4 0.000001
5 0.000001
6 0.000001
7 0.000002
8 0.000001
9 0.000002
10 0.000002
11 0.000002
12 0.000002
13 0.000002
14 0.000002
15 0.000003
16 0.000003
17 0.000002
18 0.000003
19 0.000003
20 0.000004
21 0.000004
22 0.000005
23 0.000005
24 0.000005
25 0.000004
26 0.000005
27 0.000005
28 0.000005
29 0.000006
30 0.000005
31 0.000005
32 0.000006
33 0.000006
34 0.000006
35 0.000007
36 0.000008
37 0.000007
38 0.000009
39 0.000007
40 0.000008
41 0.000007
42 0.000008
43 0.000009
44 0.000008
45 0.000009
46 0.000010
47 0.000009
48 0.000010
49 0.000010
50 0.000010
51 0.000010
52 0.000010
53 0.000010
54 0.000011
55 0.000012
56 0.000011
57 0.000012
58 0.000012
59 0.000011
60 0.000011
61 0.000012
62 0.000012
63 0.000013
64 0.000013
65 0.000013
66 0.000014
67 0.000015
68 0.000013
69 0.000016
70 0.000015
71 0.000015
72 0.000015
73 0.000016
74 0.000015
75 0.000013
76 0.000014
77 0.000015
78 0.000014
79 0.000015
80 0.000015
81 0.000015
82 0.000016
83 0.000015
84 0.000016
85 0.000016
86 0.000019
87 0.000017
88 0.000017
89 0.000018
90 0.000017
91 0.000017
92 0.000017
93 0.000018
94 0.000022
95 0.000021
96 0.000021
97 0.000020
98 0.000021
99 0.000022
