0 0.000001
1 0.000001
2 0.000001
3 0.000001
4 0.000002
5 0.000001
6 0.000002
7 0.000001
8 0.000002
9 0.000002
10 0.000003
11 0.000002
12 0.000002
13 0.000002
14 0.000003
15 0.000003
16 0.000003
17 0.000003
18 0.000003
19 0.000003
20 0.000004
21 0.000004
22 0.000003
23 0.000004
24 0.000004
25 0.000004
26 0.000005
27 0.000005
28 0.000004
29 0.000005
30 0.000006
31 0.000006
32 0.000006
33 0.000006
34 0.000007
35 0.000006
36 0.000006
37 0.000007
38 0.000007
39 0.000007
40 0.000008
41 0.000007
42 0.000007
43 0.000008
44 0.000009
45 0.000008
46 0.000009
47 0.000008
48 0.000009
49 0.000007
50 0.000010
51 0.000011
52 0.000010
53 0.000009
54 0.000011
55 0.000011
56 0.000010
57 0.000010
58 0.000009
59 0.000010
60 0.000009
61 0.000010
62 0.000067
63 0.000010
64 0.000011
65 0.000010
66 0.000011
67 0.000013
68 0.000017
69 0.000012
70 0.000015
71 0.000013
72 0.000014
73 0.000015
74 0.000013
75 0.000013
76 0.000013
77 0.000011
78 0.000014
79 0.000013
80 0.000014
81 0.000013
82 0.000014
83 0.000015
84 0.000015
85 0.000016
86 0.000015
87 0.000014
88 0.000013
89 0.000016
90 0.000017
91 0.000016
92 0.000016
93 0.000016
94 0.000019
95 0.000020
96 0.000019
97 0.000019
98 0.000017
99 0.000020
