0 0.000001
1 0.000001
2 0.000001
3 0.000002
4 0.000002
5 0.000002
6 0.000002
7 0.000002
8 0.000002
9 0.000002
10 0.000002
11 0.000003
12 0.000003
13 0.000002
14 0.000003
15 0.000004
16 0.000003
17 0.000004
18 0.000003
19 0.000003
20 0.000005
21 0.000004
22 0.000004
23 0.000005
24 0.000006
25 0.000004
26 0.000005
27 0.000005
28 0.000006
29 0.000006
30 0.000006
31 0.000006
32 0.000007
33 0.000007
34 0.000008
35 0.000007
36 0.000008
37 0.000007
38 0.000007
39 0.000009
40 0.000009
41 0.000007
42 0.000008
43 0.000009
44 0.000010
45 0.000008
46 0.000010
47 0.000009
48 0.000011
49 0.000009
50 0.000010
51 0.000010
52 0.000011
53 0.000010
54 0.000012
55 0.000011
56 0.000013
57 0.000011
58 0.000012
59 0.000012
60 0.000014
61 0.000012
62 0.000013
63 0.000012
64 0.000015
65 0.000012
66 0.000013
67 0.000014
68 0.000015
69 0.000013
70 0.000015
71 0.000015
72 0.000015
73 0.000015
74 0.000015
75 0.000013
76 0.000014
77 0.000013
78 0.000015
79 0.000014
80 0.000015
81 0.000013
82 0.000015
83 0.000014
84 0.000016
85 0.000014
86 0.000016
87 0.000016
88 0.000017
89 0.000015
90 0.000017
91 0.000015
92 0.000018
93 0.000016
94 0.000021
95 0.000020
96 0.000020
97 0.000018
98 0.000019
99 0.000019
