0 0.000001
1 0.000000
2 0.000001
3 0.000001
4 0.000001
5 0.000001
6 0.000001
7 0.000001
8 0.000002
9 0.000002
10 0.000002
11 0.000001
12 0.000002
13 0.000003
14 0.000003
15 0.000002
16 0.000002
17 0.000002
18 0.000002
19 0.000003
20 0.000004
21 0.000003
22 0.000003
23 0.000003
24 0.000004
25 0.000004
26 0.000004
27 0.000005
28 0.000005
29 0.000005
30 0.000006
31 0.000006
32 0.000006
33 0.000006
34 0.000007
35 0.000007
36 0.000007
37 0.000007
38 0.000008
39 0.000009
40 0.000009
41 0.000009
42 0.000009
43 0.000010
44 0.000009
45 0.000009
46 0.000010
47 0.000010
48 0.000011
49 0.000012
50 0.000070
51 0.000011
52 0.000011
53 0.000013
54 0.000013
55 0.000013
56 0.000013
57 0.000014
58 0.000015
59 0.000014
60 0.000015
61 0.000015
62 0.000017
63 0.000016
64 0.000017
65 0.000017
66 0.000018
67 0.000019
68 0.000018
69 0.000097
70 0.000018
71 0.000021
72 0.000019
73 0.000020
74 0.000022
75 0.000019
76 0.000019
77 0.000019
78 0.000023
79 0.000020
80 0.000020
81 0.000021
82 0.000021
83 0.000023
84 0.000022
85 0.000022
86 0.000023
87 0.000024
88 0.000024
89 0.000025
90 0.000024
91 0.000025
92 0.000026
93 0.000026
94 0.000031
95 0.000029
96 0.000030
97 0.000030
98 0.000031
99 0.000032
